var a = [
	[0,0,0,0,0,0,0],
	[0,0,0,0,0,0,0],
	[0,0,0,0,0,0,0],
	[0,0,1,1,1,1,1],
	[0,1,1,1,1,1,1],
	[1,1,1,0,0,1,1],
	[1,1,0,0,0,1,1],
	[1,1,1,0,0,1,1],
	[0,1,1,1,1,1,1],
	[0,0,1,1,1,1,1],
	[0,0,0,0,0,1,1],
	[0,0,0,0,0,0,0],
	[0,0,0,0,0,0,0],
	[0,0,0,0,0,0,0]
];
var b = [
	[1,1,0,0,0,0,0],
	[1,1,0,0,0,0,0],
	[1,1,0,0,0,0,0],
	[1,1,1,1,1,0,0],
	[1,1,1,1,1,1,0],
	[1,1,0,0,1,1,1],
	[1,1,0,0,0,1,1],
	[1,1,0,0,1,1,1],
	[1,1,1,1,1,1,0],
	[0,1,1,1,1,0,0],
	[0,0,0,0,0,0,0],
	[0,0,0,0,0,0,0],
	[0,0,0,0,0,0,0],
	[0,0,0,0,0,0,0]
];
var c = [
	[0,0,0,0,0],
	[0,0,0,0,0],
	[0,0,0,0,0],
	[0,0,1,1,1],
	[0,1,1,1,1],
	[1,1,1,0,0],
	[1,1,0,0,0],
	[1,1,1,0,0],
	[0,1,1,1,1],
	[0,0,1,1,1],
	[0,0,0,0,0],
	[0,0,0,0,0],
	[0,0,0,0,0],
	[0,0,0,0,0]
];
var d = [
	[0,0,0,0,0,1,1],
	[0,0,0,0,0,1,1],
	[0,0,0,0,0,1,1],
	[0,0,1,1,1,1,1],
	[0,1,1,1,1,1,1],
	[1,1,1,0,0,1,1],
	[1,1,0,0,0,1,1],
	[1,1,1,0,0,1,1],
	[0,1,1,1,1,1,1],
	[0,0,1,1,1,1,0],
	[0,0,0,0,0,0,0],
	[0,0,0,0,0,0,0],
	[0,0,0,0,0,0,0],
	[0,0,0,0,0,0,0]
];
var e = [
	[0,0,0,0,0,0],
	[0,0,0,0,0,0],
	[0,0,0,0,0,0],
	[0,1,1,1,1,0],
	[1,1,0,0,1,1],
	[1,1,0,0,1,1],
	[1,1,1,1,1,1],
	[1,1,0,0,0,0],
	[1,1,1,1,1,0],
	[0,1,1,1,0,0],
	[0,0,0,0,0,0],
	[0,0,0,0,0,0],
	[0,0,0,0,0,0],
	[0,0,0,0,0,0]
];
var f = [
	[0,0,0,1,0,0],
	[0,0,1,1,1,0],
	[0,1,1,1,1,1],
	[0,1,1,0,1,1],
	[0,1,1,0,0,0],
	[1,1,1,1,1,0],
	[1,1,1,1,1,0],
	[0,1,1,0,0,0],
	[0,1,1,0,0,0],
	[0,1,1,0,0,0],
	[0,0,0,0,0,0],
	[0,0,0,0,0,0],
	[0,0,0,0,0,0],
	[0,0,0,0,0,0]
];
var g = [
	[0,0,0,0,0,0,0],
	[0,0,0,0,0,0,0],
	[0,0,0,0,0,0,0],
	[0,0,1,1,1,1,0],
	[0,1,1,1,1,1,1],
	[1,1,1,0,0,1,1],
	[1,1,0,0,0,1,1],
	[1,1,1,0,0,1,1],
	[0,1,1,1,1,1,1],
	[0,0,1,1,1,1,1],
	[0,0,0,0,0,1,1],
	[0,0,0,0,1,1,1],
	[0,1,1,1,1,1,0],
	[0,1,1,1,1,0,0]
];
var h = [
	[1,1,0,0,0,0],
	[1,1,0,0,0,0],
	[1,1,0,0,0,0],
	[1,1,0,0,0,0],
	[1,1,1,1,1,0],
	[1,1,1,1,1,1],
	[1,1,0,1,1,1],
	[1,1,0,0,1,1],
	[1,1,0,0,1,1],
	[1,1,0,0,1,1],
	[0,0,0,0,0,0],
	[0,0,0,0,0,0],
	[0,0,0,0,0,0],
	[0,0,0,0,0,0]
];
var i = [
	[0,0],
	[0,0],
	[1,1],
	[1,1],
	[0,0],
	[1,1],
	[1,1],
	[1,1],
	[1,1],
	[1,1],
	[0,0],
	[0,0],
	[0,0],
	[0,0]
];
var j = [
	[0,0,0,0],
	[0,0,0,0],
	[0,0,1,1],
	[0,0,1,1],
	[0,0,0,0],
	[0,0,1,1],
	[0,0,1,1],
	[0,0,1,1],
	[0,0,1,1],
	[0,0,1,1],
	[0,0,1,1],
	[1,1,1,1],
	[1,1,1,0],
	[0,0,0,0]
];
var k = [
	[1,1,0,0,0,0],
	[1,1,0,0,0,0],
	[1,1,0,0,0,0],
	[1,1,0,1,1,0],
	[1,1,1,1,1,0],
	[1,1,1,1,0,0],
	[1,1,1,1,0,0],
	[1,1,1,1,1,0],
	[1,1,0,1,1,1],
	[1,1,0,0,1,1],
	[0,0,0,0,0,0],
	[0,0,0,0,0,0],
	[0,0,0,0,0,0],
	[0,0,0,0,0,0]
];
var l = [
	[1,1],
	[1,1],
	[1,1],
	[1,1],
	[1,1],
	[1,1],
	[1,1],
	[1,1],
	[1,1],
	[1,1],
	[0,0],
	[0,0],
	[0,0],
	[0,0]
];
var m = [
	[0,0,0,0,0,0,0],
	[0,0,0,0,0,0,0],
	[0,0,0,0,0,0,0],
	[0,0,0,0,0,0,0],
	[0,1,1,0,1,1,0],
	[1,1,1,1,1,1,1],
	[1,1,1,1,1,1,1],
	[1,1,0,1,0,1,1],
	[1,1,0,0,0,1,1],
	[1,1,0,0,0,1,1],
	[0,0,0,0,0,0,0],
	[0,0,0,0,0,0,0],
	[0,0,0,0,0,0,0],
	[0,0,0,0,0,0,0]
];
var n = [
	[0,0,0,0,0,0],
	[0,0,0,0,0,0],
	[0,0,0,0,0,0],
	[1,1,1,1,0,0],
	[1,1,1,1,1,0],
	[1,1,0,1,1,1],
	[1,1,0,0,1,1],
	[1,1,0,0,1,1],
	[1,1,0,0,1,1],
	[1,1,0,0,1,1],
	[0,0,0,0,0,0],
	[0,0,0,0,0,0],
	[0,0,0,0,0,0],
	[0,0,0,0,0,0]
];
var o = [
	[0,0,0,0,0,0,0],
	[0,0,0,0,0,0,0],
	[0,0,0,0,0,0,0],
	[0,0,1,1,1,0,0],
	[0,1,1,1,1,1,0],
	[1,1,1,0,1,1,1],
	[1,1,0,0,0,1,1],
	[1,1,1,0,1,1,1],
	[0,1,1,1,1,1,0],
	[0,0,1,1,1,0,0],
	[0,0,0,0,0,0,0],
	[0,0,0,0,0,0,0],
	[0,0,0,0,0,0,0],
	[0,0,0,0,0,0,0]
];
var p = [
	[0,0,0,0,0,0,0],
	[0,0,0,0,0,0,0],
	[0,0,0,0,0,0,0],
	[0,1,1,1,1,0,0],
	[1,1,1,1,1,1,0],
	[1,1,0,0,1,1,1],
	[1,1,0,0,0,1,1],
	[1,1,0,0,1,1,1],
	[1,1,1,1,1,1,0],
	[1,1,1,1,1,0,0],
	[1,1,0,0,0,0,0],
	[1,1,0,0,0,0,0],
	[1,1,0,0,0,0,0],
	[0,0,0,0,0,0,0]
];
var q = [
	[0,0,0,0,0,0,0],
	[0,0,0,0,0,0,0],
	[0,0,0,0,0,0,0],
	[0,0,1,1,1,1,0],
	[0,1,1,1,1,1,1],
	[1,1,1,0,0,1,1],
	[1,1,0,0,0,1,1],
	[1,1,1,0,0,1,1],
	[0,1,1,1,1,1,1],
	[0,0,1,1,1,1,1],
	[0,0,0,0,0,1,1],
	[0,0,0,0,0,1,1],
	[0,0,0,0,0,1,1],
	[0,0,0,0,0,0,0]
];
var r = [
	[0,0,0,0,0],
	[0,0,0,0,0],
	[0,0,0,0,0],
	[0,1,1,1,0],
	[1,1,1,1,1],
	[1,1,0,1,1],
	[1,1,0,0,0],
	[1,1,0,0,0],
	[1,1,0,0,0],
	[1,1,0,0,0],
	[0,0,0,0,0],
	[0,0,0,0,0],
	[0,0,0,0,0],
	[0,0,0,0,0]
];
var s = [
	[0,0,0,0,0],
	[0,0,0,0,0],
	[0,0,0,0,0],
	[0,1,1,1,1],
	[1,1,1,1,1],
	[1,1,0,0,0],
	[0,1,1,1,0],
	[0,0,0,1,1],
	[1,1,1,1,1],
	[1,1,1,1,0],
	[0,0,0,0,0],
	[0,0,0,0,0],
	[0,0,0,0,0],
	[0,0,0,0,0]
];
var t = [
	[0,0,0,0,0],
	[0,0,0,0,0],
	[0,0,0,0,0],
	[0,1,1,0,0],
	[1,1,1,1,1],
	[1,1,1,1,1],
	[0,1,1,0,0],
	[0,1,1,0,1],
	[0,1,1,1,1],
	[0,0,1,1,0],
	[0,0,0,0,0],
	[0,0,0,0,0],
	[0,0,0,0,0],
	[0,0,0,0,0]
];
var u = [
	[0,0,0,0,0,0],
	[0,0,0,0,0,0],
	[0,0,0,0,0,0],
	[1,1,0,0,1,1],
	[1,1,0,0,1,1],
	[1,1,0,0,1,1],
	[1,1,0,0,1,1],
	[1,1,1,1,1,1],
	[0,1,1,1,1,1],
	[0,0,1,1,0,1],
	[0,0,0,0,0,0],
	[0,0,0,0,0,0],
	[0,0,0,0,0,0],
	[0,0,0,0,0,0]
];
var v = [
	[0,0,0,0,0,0,0],
	[0,0,0,0,0,0,0],
	[0,0,0,0,0,0,0],
	[0,0,0,0,0,0,0],
	[1,1,0,0,0,1,1],
	[1,1,0,0,0,1,1],
	[0,1,1,0,1,1,0],
	[0,1,1,0,1,1,0],
	[0,0,1,1,1,0,0],
	[0,0,0,1,0,0,0],
	[0,0,0,0,0,0,0],
	[0,0,0,0,0,0,0],
	[0,0,0,0,0,0,0],
	[0,0,0,0,0,0,0]
];
var w = [
	[0,0,0,0,0,0,0],
	[0,0,0,0,0,0,0],
	[0,0,0,0,0,0,0],
	[0,0,0,0,0,0,0],
	[1,1,0,0,0,1,1],
	[1,1,0,0,0,1,1],
	[1,1,0,1,0,1,1],
	[1,1,1,1,1,1,1],
	[1,1,1,1,1,1,1],
	[0,1,1,0,1,1,0],
	[0,0,0,0,0,0,0],
	[0,0,0,0,0,0,0],
	[0,0,0,0,0,0,0],
	[0,0,0,0,0,0,0]
];
var x = [
	[0,0,0,0,0,0,0],
	[0,0,0,0,0,0,0],
	[0,0,0,0,0,0,0],
	[1,1,0,0,0,1,1],
	[1,1,1,0,1,1,1],
	[0,1,1,1,1,1,0],
	[0,0,1,1,1,0,0],
	[0,1,1,1,1,1,0],
	[1,1,1,0,1,1,1],
	[1,1,0,0,0,1,1],
	[0,0,0,0,0,0,0],
	[0,0,0,0,0,0,0],
	[0,0,0,0,0,0,0],
	[0,0,0,0,0,0,0]
];
var y = [
	[0,0,0,0,0,0,0],
	[0,0,0,0,0,0,0],
	[0,0,0,0,0,0,0],
	[0,0,0,0,0,0,0],
	[1,1,0,0,0,1,1],
	[1,1,0,0,0,1,1],
	[1,1,0,0,0,1,1],
	[1,1,1,0,1,1,1],
	[0,1,1,1,1,1,1],
	[0,0,1,1,1,1,1],
	[0,0,0,0,0,1,1],
	[0,0,0,0,1,1,1],
	[0,1,1,1,1,1,0],
	[0,1,1,1,1,0,0]
];
var z = [
	[0,0,0,0,0,0],
	[0,0,0,0,0,0],
	[0,0,0,0,0,0],
	[1,1,1,1,1,1],
	[1,1,1,1,1,1],
	[0,0,0,0,1,1],
	[0,0,1,1,0,0],
	[1,1,0,0,0,0],
	[1,1,1,1,1,1],
	[1,1,1,1,1,1],
	[0,0,0,0,0,0],
	[0,0,0,0,0,0],
	[0,0,0,0,0,0],
	[0,0,0,0,0,0]
];

alphabet["a"] = new Symbol("a", a);
alphabet["b"] = new Symbol("b", b);
alphabet["c"] = new Symbol("c", c);
alphabet["d"] = new Symbol("d", d);
alphabet["e"] = new Symbol("e", e);
alphabet["f"] = new Symbol("f", f);
alphabet["g"] = new Symbol("g", g);
alphabet["h"] = new Symbol("h", h);
alphabet["i"] = new Symbol("i", i);
alphabet["j"] = new Symbol("j", j);
alphabet["k"] = new Symbol("k", k);
alphabet["l"] = new Symbol("l", l);
alphabet["m"] = new Symbol("m", m);
alphabet["n"] = new Symbol("n", n);
alphabet["o"] = new Symbol("o", o);
alphabet["p"] = new Symbol("p", p);
alphabet["q"] = new Symbol("q", q);
alphabet["r"] = new Symbol("r", r);
alphabet["s"] = new Symbol("s", s);
alphabet["t"] = new Symbol("t", t);
alphabet["u"] = new Symbol("u", u);
alphabet["v"] = new Symbol("v", v);
alphabet["w"] = new Symbol("w", w);
alphabet["x"] = new Symbol("x", x);
alphabet["y"] = new Symbol("y", y);
alphabet["z"] = new Symbol("z", z);