var one = [
	[0,1,1,0],
	[1,1,1,0],
	[1,1,1,0],
	[0,1,1,0],
	[0,1,1,0],
	[0,1,1,0],
	[0,1,1,0],
	[0,1,1,0],
	[1,1,1,1],
	[1,1,1,1],
	[0,0,0,0],
	[0,0,0,0],
	[0,0,0,0],
	[0,0,0,0]
];
var two = [
	[0,1,1,1,1,0],
	[1,1,1,1,1,1],
	[1,1,0,0,1,1],
	[0,0,0,0,1,1],
	[0,1,1,1,1,1],
	[1,1,1,1,1,0],
	[1,1,0,0,0,0],
	[1,1,0,0,0,0],
	[1,1,1,1,1,1],
	[1,1,1,1,1,1],
	[0,0,0,0,0,0],
	[0,0,0,0,0,0],
	[0,0,0,0,0,0],
	[0,0,0,0,0,0]
];
var three = [
	[1,1,1,1,0],
	[1,1,1,1,1],
	[0,0,0,1,1],
	[0,0,0,1,1],
	[0,1,1,1,0],
	[0,1,1,1,0],
	[0,0,0,1,1],
	[0,0,0,1,1],
	[1,1,1,1,1],
	[1,1,1,1,0],
	[0,0,0,0,0],
	[0,0,0,0,0],
	[0,0,0,0,0],
	[0,0,0,0,0]
];
var four = [
	[0,0,1,1,1,0],
	[0,0,1,1,1,0],
	[0,1,1,1,1,0],
	[0,1,0,1,1,0],
	[1,1,0,1,1,0],
	[1,1,1,1,1,1],
	[1,1,1,1,1,1],
	[0,0,0,1,1,0],
	[0,0,0,1,1,0],
	[0,0,0,1,1,0],
	[0,0,0,0,0,0],
	[0,0,0,0,0,0],
	[0,0,0,0,0,0],
	[0,0,0,0,0,0]
];
var five = [
	[1,1,1,1,1,1],
	[1,1,1,1,1,1],
	[1,1,0,0,0,0],
	[1,1,0,0,0,0],
	[1,1,1,1,1,0],
	[1,1,1,1,1,1],
	[0,0,0,0,1,1],
	[0,0,0,0,1,1],
	[1,1,1,1,1,1],
	[1,1,1,1,1,0],
	[0,0,0,0,0,0],
	[0,0,0,0,0,0],
	[0,0,0,0,0,0],
	[0,0,0,0,0,0]
];
var six = [
	[0,0,1,1,1,0],
	[0,1,1,1,1,0],
	[1,1,0,0,0,0],
	[1,1,0,0,0,0],
	[1,1,1,1,1,0],
	[1,1,0,0,1,1],
	[1,1,0,0,1,1],
	[1,1,1,1,1,1],
	[0,1,1,1,1,0],
	[0,0,1,1,0,0],
	[0,0,0,0,0,0],
	[0,0,0,0,0,0],
	[0,0,0,0,0,0],
	[0,0,0,0,0,0]
];
var seven = [
	[1,1,1,1,1],
	[1,1,1,1,1],
	[0,0,0,1,1],
	[0,0,1,1,1],
	[0,1,1,1,0],
	[0,1,1,0,0],
	[0,1,1,0,0],
	[0,1,1,0,0],
	[0,1,1,0,0],
	[0,1,1,0,0],
	[0,0,0,0,0],
	[0,0,0,0,0],
	[0,0,0,0,0],
	[0,0,0,0,0]
];
var eight = [
	[0,1,1,1,1,0],
	[1,1,1,1,1,1],
	[1,1,0,0,1,1],
	[1,1,0,0,1,1],
	[0,1,1,1,1,0],
	[0,1,1,1,1,0],
	[1,1,0,0,1,1],
	[1,1,0,0,1,1],
	[1,1,1,1,1,1],
	[0,1,1,1,1,0],
	[0,0,0,0,0,0],
	[0,0,0,0,0,0],
	[0,0,0,0,0,0],
	[0,0,0,0,0,0]
];
var nine = [
	[0,0,1,1,1,0],
	[0,1,1,1,1,1],
	[1,1,0,0,1,1],
	[1,1,0,0,1,1],
	[1,1,1,1,1,1],
	[0,1,1,1,1,1],
	[0,0,0,0,1,1],
	[0,0,0,0,1,1],
	[0,0,0,0,1,1],
	[0,0,0,0,1,1],
	[0,0,0,0,0,0],
	[0,0,0,0,0,0],
	[0,0,0,0,0,0],
	[0,0,0,0,0,0]
];
var zero = [
	[0,1,1,1,1,0],
	[1,1,1,1,1,1],
	[1,1,0,0,1,1],
	[1,1,0,0,1,1],
	[1,1,0,0,1,1],
	[1,1,0,0,1,1],
	[1,1,0,0,1,1],
	[1,1,0,0,1,1],
	[1,1,1,1,1,1],
	[0,1,1,1,1,0],
	[0,0,0,0,0,0],
	[0,0,0,0,0,0],
	[0,0,0,0,0,0],
	[0,0,0,0,0,0]
];

alphabet["1"] = new Symbol("1", one);
alphabet["2"] = new Symbol("2", two);
alphabet["3"] = new Symbol("3", three);
alphabet["4"] = new Symbol("4", four);
alphabet["5"] = new Symbol("5", five);
alphabet["6"] = new Symbol("6", six);
alphabet["7"] = new Symbol("7", seven);
alphabet["8"] = new Symbol("8", eight);
alphabet["9"] = new Symbol("9", nine);
alphabet["0"] = new Symbol("0", zero);