var space = [
	[0,0,0],
	[0,0,0],
	[0,0,0],
	[0,0,0],
	[0,0,0],
	[0,0,0],
	[0,0,0],
	[0,0,0],
	[0,0,0],
	[0,0,0],
	[0,0,0],
	[0,0,0],
	[0,0,0],
	[0,0,0]
];
var period = [
	[0,0],
	[0,0],
	[0,0],
	[0,0],
	[0,0],
	[0,0],
	[0,0],
	[0,0],
	[1,1],
	[1,1],
	[0,0],
	[0,0],
	[0,0],
	[0,0]
];
var colon = [
	[0,0],
	[0,0],
	[1,1],
	[1,1],
	[0,0],
	[0,0],
	[1,1],
	[1,1],
	[0,0],
	[0,0],
	[0,0],
	[0,0],
	[0,0],
	[0,0]
];
var comma = [
	[0,0],
	[0,0],
	[0,0],
	[0,0],
	[0,0],
	[0,0],
	[0,0],
	[0,0],
	[1,1],
	[1,1],
	[0,1],
	[1,0],
	[0,0],
	[0,0]
];
var quotes = [
	[1,0,1],
	[1,0,1],
	[1,0,1],
	[0,0,0],
	[0,0,0],
	[0,0,0],
	[0,0,0],
	[0,0,0],
	[0,0,0],
	[0,0,0],
	[0,0,0],
	[0,0,0],
	[0,0,0],
	[0,0,0]
];
var exclamation = [
	[1,1],
	[1,1],
	[1,1],
	[1,1],
	[1,1],
	[1,1],
	[1,1],
	[0,0],
	[1,1],
	[1,1],
	[0,0],
	[0,0],
	[0,0],
	[0,0]
];
var question = [
	[0,1,1,1,1,0],
	[1,1,1,1,1,1],
	[1,1,0,0,1,1],
	[0,0,0,1,1,1],
	[0,0,1,1,1,0],
	[0,0,1,1,0,0],
	[0,0,1,1,0,0],
	[0,0,0,0,0,0],
	[0,0,1,1,0,0],
	[0,0,1,1,0,0],
	[0,0,0,0,0,0],
	[0,0,0,0,0,0],
	[0,0,0,0,0,0],
	[0,0,0,0,0,0]
];
var apostrophe = [
	[0,0],
	[1,1],
	[1,1],
	[0,1],
	[0,1],
	[0,0],
	[0,0],
	[0,0],
	[0,0],
	[0,0],
	[0,0],
	[0,0],
	[0,0],
	[0,0]
];
var at = [
	[0,0,0,1,1,1,1,0,0,0],
	[0,0,1,1,1,1,1,1,0,0],
	[0,1,1,1,0,0,1,1,1,0],
	[1,1,1,0,0,0,0,1,1,1],
	[1,1,0,0,1,1,0,0,1,1],
	[1,1,0,1,0,1,1,0,1,1],
	[1,1,0,1,0,1,1,0,1,1],
	[1,1,0,1,0,1,1,0,1,1],
	[1,1,0,0,1,1,1,0,1,1],
	[0,1,1,0,0,1,1,1,1,0],
	[0,1,1,1,0,0,0,1,1,0],
	[0,0,1,1,1,1,0,0,0,0],
	[0,0,0,1,1,1,1,0,0,0],
	[0,0,0,0,0,0,0,0,0,0]
];
var slash = [
	[0,0,0,0,0],
	[0,0,0,0,1],
	[0,0,0,1,1],
	[0,0,0,1,0],
	[0,0,1,1,0],
	[0,1,1,0,0],
	[0,1,0,0,0],
	[1,1,0,0,0],
	[1,0,0,0,0],
	[0,0,0,0,0],
	[0,0,0,0,0],
	[0,0,0,0,0],
	[0,0,0,0,0],
	[0,0,0,0,0]
];
var forwardParenthesis = [
	[0,0,1,1,1],
	[0,1,1,1,0],
	[1,1,1,0,0],
	[1,1,0,0,0],
	[1,1,0,0,0],
	[1,1,0,0,0],
	[1,1,0,0,0],
	[1,1,0,0,0],
	[1,1,1,0,0],
	[0,1,1,1,0],
	[0,0,1,1,1],
	[0,0,0,0,0],
	[0,0,0,0,0],
	[0,0,0,0,0]
];
var backwardParenthesis = [
	[1,1,1,0,0],
	[0,1,1,1,0],
	[0,0,1,1,1],
	[0,0,0,1,1],
	[0,0,0,1,1],
	[0,0,0,1,1],
	[0,0,0,1,1],
	[0,0,0,1,1],
	[0,0,1,1,1],
	[0,1,1,1,0],
	[1,1,1,0,0],
	[0,0,0,0,0],
	[0,0,0,0,0],
	[0,0,0,0,0]
];
var dash = [
	[0,0,0,0],
	[0,0,0,0],
	[0,0,0,0],
	[0,0,0,0],
	[0,0,0,0],
	[1,1,1,1],
	[1,1,1,1],
	[0,0,0,0],
	[0,0,0,0],
	[0,0,0,0],
	[0,0,0,0],
	[0,0,0,0],
	[0,0,0,0],
	[0,0,0,0]
];
var copyright = [
	[0,0,0,1,1,1,1,1,1,0,0,0],
	[0,0,1,1,1,1,1,1,1,1,0,0],
	[0,1,1,1,0,0,0,0,1,1,1,0],
	[1,1,1,0,0,1,1,0,0,1,1,1],
	[1,1,0,0,1,1,1,1,0,0,1,1],
	[1,1,0,1,1,0,0,0,0,0,1,1],
	[1,1,0,1,1,0,0,0,0,0,1,1],
	[1,1,0,0,1,1,1,1,0,0,1,1],
	[1,1,1,0,0,1,1,0,0,1,1,1],
	[0,1,1,1,0,0,0,0,1,1,1,0],
	[0,0,1,1,1,1,1,1,1,1,0,0],
	[0,0,0,1,1,1,1,1,1,0,0,0],
	[0,0,0,0,0,0,0,0,0,0,0,0],
	[0,0,0,0,0,0,0,0,0,0,0,0]
];

alphabet[" "] = new Symbol(" ", space);
alphabet["."] = new Symbol(".", period);
alphabet[":"] = new Symbol(":", colon);
alphabet[","] = new Symbol(",", comma);
alphabet["\""] = new Symbol("\"", quotes);
alphabet["!"] = new Symbol("!", exclamation);
alphabet["?"] = new Symbol("?", question);
alphabet["\'"] = new Symbol("\'", apostrophe);
alphabet["@"] = new Symbol("@", at);
alphabet["/"] = new Symbol("/", slash);
alphabet["("] = new Symbol("(", forwardParenthesis);
alphabet[")"] = new Symbol(")", backwardParenthesis);
alphabet["-"] = new Symbol("-", dash);
alphabet["©"] = new Symbol("©", copyright);