var A = [
	[0,0,1,1,1,1,0,0],
	[0,1,1,1,1,1,1,0],
	[1,1,1,0,0,1,1,1],
	[1,1,0,0,0,0,1,1],
	[1,1,0,0,0,0,1,1],
	[1,1,1,1,1,1,1,1],
	[1,1,1,1,1,1,1,1],
	[1,1,0,0,0,0,1,1],
	[1,1,0,0,0,0,1,1],
	[1,1,0,0,0,0,1,1],
	[0,0,0,0,0,0,0,0],
	[0,0,0,0,0,0,0,0],
	[0,0,0,0,0,0,0,0],
	[0,0,0,0,0,0,0,0]
];
var B = [
	[1,1,1,1,1,1,0],
	[1,1,1,1,1,1,1],
	[1,1,0,0,0,1,1],
	[1,1,0,0,0,1,1],
	[1,1,1,1,1,1,0],
	[1,1,1,1,1,1,0],
	[1,1,0,0,0,1,1],
	[1,1,0,0,0,1,1],
	[1,1,1,1,1,1,1],
	[1,1,1,1,1,1,0],
	[0,0,0,0,0,0,0],
	[0,0,0,0,0,0,0],
	[0,0,0,0,0,0,0],
	[0,0,0,0,0,0,0]
];
var C = [
	[0,0,1,1,1,1,1],
	[0,1,1,1,1,1,1],
	[1,1,1,0,0,0,0],
	[1,1,0,0,0,0,0],
	[1,1,0,0,0,0,0],
	[1,1,0,0,0,0,0],
	[1,1,0,0,0,0,0],
	[1,1,1,0,0,0,0],
	[0,1,1,1,1,1,1],
	[0,0,1,1,1,1,1],
	[0,0,0,0,0,0,0],
	[0,0,0,0,0,0,0],
	[0,0,0,0,0,0,0],
	[0,0,0,0,0,0,0]
];
var D = [
	[1,1,1,1,1,0,0],
	[1,1,1,1,1,1,0],
	[1,1,0,0,1,1,1],
	[1,1,0,0,0,1,1],
	[1,1,0,0,0,1,1],
	[1,1,0,0,0,1,1],
	[1,1,0,0,0,1,1],
	[1,1,0,0,1,1,1],
	[1,1,1,1,1,1,0],
	[1,1,1,1,1,0,0],
	[0,0,0,0,0,0,0],
	[0,0,0,0,0,0,0],
	[0,0,0,0,0,0,0],
	[0,0,0,0,0,0,0]
];
var E = [
	[1,1,1,1,1,1,1],
	[1,1,1,1,1,1,1],
	[1,1,0,0,0,0,0],
	[1,1,0,0,0,0,0],
	[1,1,1,1,1,0,0],
	[1,1,1,1,1,0,0],
	[1,1,0,0,0,0,0],
	[1,1,0,0,0,0,0],
	[1,1,1,1,1,1,1],
	[1,1,1,1,1,1,1],
	[0,0,0,0,0,0,0],
	[0,0,0,0,0,0,0],
	[0,0,0,0,0,0,0],
	[0,0,0,0,0,0,0]
];
var F = [
	[1,1,1,1,1,1,1],
	[1,1,1,1,1,1,1],
	[1,1,0,0,0,0,0],
	[1,1,0,0,0,0,0],
	[1,1,1,1,1,0,0],
	[1,1,1,1,1,0,0],
	[1,1,0,0,0,0,0],
	[1,1,0,0,0,0,0],
	[1,1,0,0,0,0,0],
	[1,1,0,0,0,0,0],
	[0,0,0,0,0,0,0],
	[0,0,0,0,0,0,0],
	[0,0,0,0,0,0,0],
	[0,0,0,0,0,0,0]
];
var G = [
	[0,0,1,1,1,1,0],
	[0,1,1,1,1,1,1],
	[1,1,1,0,0,1,1],
	[1,1,0,0,0,0,0],
	[1,1,0,0,0,0,0],
	[1,1,0,0,1,1,1],
	[1,1,0,0,1,1,1],
	[1,1,1,0,0,1,1],
	[0,1,1,1,1,1,1],
	[0,0,1,1,1,1,0],
	[0,0,0,0,0,0,0],
	[0,0,0,0,0,0,0],
	[0,0,0,0,0,0,0],
	[0,0,0,0,0,0,0]
];
var H = [
	[1,1,0,0,0,1,1],
	[1,1,0,0,0,1,1],
	[1,1,0,0,0,1,1],
	[1,1,0,0,0,1,1],
	[1,1,1,1,1,1,1],
	[1,1,1,1,1,1,1],
	[1,1,0,0,0,1,1],
	[1,1,0,0,0,1,1],
	[1,1,0,0,0,1,1],
	[1,1,0,0,0,1,1],
	[0,0,0,0,0,0,0],
	[0,0,0,0,0,0,0],
	[0,0,0,0,0,0,0],
	[0,0,0,0,0,0,0]
];
var I = [
	[1,1,1,1,1,1],
	[1,1,1,1,1,1],
	[0,0,1,1,0,0],
	[0,0,1,1,0,0],
	[0,0,1,1,0,0],
	[0,0,1,1,0,0],
	[0,0,1,1,0,0],
	[0,0,1,1,0,0],
	[1,1,1,1,1,1],
	[1,1,1,1,1,1],
	[0,0,0,0,0,0],
	[0,0,0,0,0,0],
	[0,0,0,0,0,0],
	[0,0,0,0,0,0]
];
var J = [
	[1,1,1,1,1,1,1],
	[1,1,1,1,1,1,1],
	[0,0,0,1,1,0,0],
	[0,0,0,1,1,0,0],
	[0,0,0,1,1,0,0],
	[0,0,0,1,1,0,0],
	[1,1,0,1,1,0,0],
	[1,1,0,1,1,0,0],
	[1,1,1,1,1,0,0],
	[0,1,1,1,0,0,0],
	[0,0,0,0,0,0,0],
	[0,0,0,0,0,0,0],
	[0,0,0,0,0,0,0],
	[0,0,0,0,0,0,0]
];
var K = [
	[1,1,0,0,0,1,1],
	[1,1,0,0,1,1,1],
	[1,1,0,1,1,1,0],
	[1,1,1,1,1,0,0],
	[1,1,1,1,0,0,0],
	[1,1,1,1,0,0,0],
	[1,1,1,1,1,0,0],
	[1,1,0,1,1,1,0],
	[1,1,0,0,1,1,1],
	[1,1,0,0,0,1,1],
	[0,0,0,0,0,0,0],
	[0,0,0,0,0,0,0],
	[0,0,0,0,0,0,0],
	[0,0,0,0,0,0,0]
];
var L = [
	[1,1,0,0,0,0],
	[1,1,0,0,0,0],
	[1,1,0,0,0,0],
	[1,1,0,0,0,0],
	[1,1,0,0,0,0],
	[1,1,0,0,0,0],
	[1,1,0,0,0,0],
	[1,1,0,0,0,0],
	[1,1,1,1,1,1],
	[1,1,1,1,1,1],
	[0,0,0,0,0,0],
	[0,0,0,0,0,0],
	[0,0,0,0,0,0],
	[0,0,0,0,0,0]
];
var M = [
	[1,1,0,0,0,0,1,1],
	[1,1,1,0,0,1,1,1],
	[1,1,1,0,0,1,1,1],
	[1,1,1,1,1,1,1,1],
	[1,1,1,1,1,1,1,1],
	[1,1,0,1,1,0,1,1],
	[1,1,0,1,1,0,1,1],
	[1,1,0,0,0,0,1,1],
	[1,1,0,0,0,0,1,1],
	[1,1,0,0,0,0,1,1],
	[0,0,0,0,0,0,0,0],
	[0,0,0,0,0,0,0,0],
	[0,0,0,0,0,0,0,0],
	[0,0,0,0,0,0,0,0]
];
var N = [
	[1,1,0,0,0,1,1],
	[1,1,1,0,0,1,1],
	[1,1,1,0,0,1,1],
	[1,1,1,1,0,1,1],
	[1,1,1,1,1,1,1],
	[1,1,0,1,1,1,1],
	[1,1,0,0,1,1,1],
	[1,1,0,0,1,1,1],
	[1,1,0,0,0,1,1],
	[1,1,0,0,0,1,1],
	[0,0,0,0,0,0,0],
	[0,0,0,0,0,0,0],
	[0,0,0,0,0,0,0],
	[0,0,0,0,0,0,0]
];
var O = [
	[0,0,1,1,1,1,0,0],
	[0,1,1,1,1,1,1,0],
	[1,1,1,0,0,1,1,1],
	[1,1,0,0,0,0,1,1],
	[1,1,0,0,0,0,1,1],
	[1,1,0,0,0,0,1,1],
	[1,1,0,0,0,0,1,1],
	[1,1,1,0,0,1,1,1],
	[0,1,1,1,1,1,1,0],
	[0,0,1,1,1,1,0,0],
	[0,0,0,0,0,0,0,0],
	[0,0,0,0,0,0,0,0],
	[0,0,0,0,0,0,0,0],
	[0,0,0,0,0,0,0,0]
];
var P = [
	[1,1,1,1,1,0,0],
	[1,1,1,1,1,1,0],
	[1,1,0,0,1,1,1],
	[1,1,0,0,0,1,1],
	[1,1,0,0,1,1,1],
	[1,1,1,1,1,1,0],
	[1,1,1,1,1,0,0],
	[1,1,0,0,0,0,0],
	[1,1,0,0,0,0,0],
	[1,1,0,0,0,0,0],
	[0,0,0,0,0,0,0],
	[0,0,0,0,0,0,0],
	[0,0,0,0,0,0,0],
	[0,0,0,0,0,0,0]
];
var Q = [
	[0,0,1,1,1,1,0,0],
	[0,1,1,1,1,1,1,0],
	[1,1,1,0,0,1,1,1],
	[1,1,0,0,0,0,1,1],
	[1,1,0,0,0,0,1,1],
	[1,1,0,0,0,0,1,1],
	[1,1,0,0,1,1,1,1],
	[1,1,1,0,1,1,1,0],
	[0,1,1,1,1,1,1,1],
	[0,0,1,1,1,0,1,1],
	[0,0,0,0,0,0,0,0],
	[0,0,0,0,0,0,0,0],
	[0,0,0,0,0,0,0,0],
	[0,0,0,0,0,0,0,0]
];

var R = [
	[1,1,1,1,1,0,0],
	[1,1,1,1,1,1,0],
	[1,1,0,0,1,1,1],
	[1,1,0,0,0,1,1],
	[1,1,0,0,1,1,1],
	[1,1,1,1,1,1,0],
	[1,1,1,1,1,0,0],
	[1,1,0,1,1,1,0],
	[1,1,0,0,1,1,1],
	[1,1,0,0,0,1,1],
	[0,0,0,0,0,0,0],
	[0,0,0,0,0,0,0],
	[0,0,0,0,0,0,0],
	[0,0,0,0,0,0,0]
];
var S = [
	[0,0,1,1,1,1,1],
	[0,1,1,1,1,1,1],
	[1,1,0,0,0,0,0],
	[1,1,0,0,0,0,0],
	[0,1,1,1,1,0,0],
	[0,0,1,1,1,1,0],
	[0,0,0,0,0,1,1],
	[0,0,0,0,0,1,1],
	[1,1,1,1,1,1,0],
	[1,1,1,1,1,0,0],
	[0,0,0,0,0,0,0],
	[0,0,0,0,0,0,0],
	[0,0,0,0,0,0,0],
	[0,0,0,0,0,0,0]
];
var T = [
	[1,1,1,1,1,1,1,1],
	[1,1,1,1,1,1,1,1],
	[0,0,0,1,1,0,0,0],
	[0,0,0,1,1,0,0,0],
	[0,0,0,1,1,0,0,0],
	[0,0,0,1,1,0,0,0],
	[0,0,0,1,1,0,0,0],
	[0,0,0,1,1,0,0,0],
	[0,0,0,1,1,0,0,0],
	[0,0,0,1,1,0,0,0],
	[0,0,0,0,0,0,0,0],
	[0,0,0,0,0,0,0,0],
	[0,0,0,0,0,0,0,0],
	[0,0,0,0,0,0,0,0]
];
var U = [
	[1,1,0,0,0,0,1,1],
	[1,1,0,0,0,0,1,1],
	[1,1,0,0,0,0,1,1],
	[1,1,0,0,0,0,1,1],
	[1,1,0,0,0,0,1,1],
	[1,1,0,0,0,0,1,1],
	[1,1,0,0,0,0,1,1],
	[1,1,1,0,0,1,1,1],
	[0,1,1,1,1,1,1,0],
	[0,0,1,1,1,1,0,0],
	[0,0,0,0,0,0,0,0],
	[0,0,0,0,0,0,0,0],
	[0,0,0,0,0,0,0,0],
	[0,0,0,0,0,0,0,0]
];
var V = [
	[1,1,0,0,0,1,1],
	[1,1,0,0,0,1,1],
	[1,1,0,0,0,1,1],
	[1,1,0,0,0,1,1],
	[1,1,0,0,0,1,1],
	[1,1,0,0,0,1,1],
	[1,1,1,0,1,1,1],
	[0,1,1,1,1,1,0],
	[0,0,1,1,1,0,0],
	[0,0,0,1,0,0,0],
	[0,0,0,0,0,0,0],
	[0,0,0,0,0,0,0],
	[0,0,0,0,0,0,0],
	[0,0,0,0,0,0,0]
];
var W = [
	[1,1,0,0,0,0,0,0,1,1],
	[1,1,0,0,0,0,0,0,1,1],
	[1,1,0,0,0,0,0,0,1,1],
	[1,1,0,0,0,0,0,0,1,1],
	[1,1,0,0,0,0,0,0,1,1],
	[1,1,0,0,1,1,0,0,1,1],
	[1,1,0,0,1,1,0,0,1,1],
	[1,1,1,0,1,1,0,1,1,1],
	[0,1,1,1,1,1,1,1,1,0],
	[0,0,1,1,0,0,1,1,0,0],
	[0,0,0,0,0,0,0,0,0,0],
	[0,0,0,0,0,0,0,0,0,0],
	[0,0,0,0,0,0,0,0,0,0],
	[0,0,0,0,0,0,0,0,0,0]
];
var X = [
	[1,1,0,0,0,0,0,0,1,1],
	[1,1,1,0,0,0,0,1,1,1],
	[0,1,1,1,0,0,1,1,1,0],
	[0,0,1,1,1,1,1,1,0,0],
	[0,0,0,1,1,1,1,0,0,0],
	[0,0,0,1,1,1,1,0,0,0],
	[0,0,1,1,1,1,1,1,0,0],
	[0,1,1,1,0,0,1,1,1,0],
	[1,1,1,0,0,0,0,1,1,1],
	[1,1,0,0,0,0,0,0,1,1],
	[0,0,0,0,0,0,0,0,0,0],
	[0,0,0,0,0,0,0,0,0,0],
	[0,0,0,0,0,0,0,0,0,0],
	[0,0,0,0,0,0,0,0,0,0]
];
var Y = [
	[1,1,0,0,0,0,1,1],
	[1,1,0,0,0,0,1,1],
	[0,1,1,0,0,1,1,0],
	[0,1,1,0,0,1,1,0],
	[0,0,1,1,1,1,0,0],
	[0,0,1,1,1,1,0,0],
	[0,0,0,1,1,0,0,0],
	[0,0,0,1,1,0,0,0],
	[0,0,0,1,1,0,0,0],
	[0,0,0,1,1,0,0,0],
	[0,0,0,0,0,0,0,0],
	[0,0,0,0,0,0,0,0],
	[0,0,0,0,0,0,0,0],
	[0,0,0,0,0,0,0,0]
];
var Z = [
	[1,1,1,1,1,1,1,1],
	[1,1,1,1,1,1,1,1],
	[0,0,0,0,0,1,1,1],
	[0,0,0,0,1,1,1,0],
	[0,0,0,1,1,1,0,0],
	[0,0,1,1,1,0,0,0],
	[0,1,1,1,0,0,0,0],
	[1,1,1,0,0,0,0,0],
	[1,1,1,1,1,1,1,1],
	[1,1,1,1,1,1,1,1],
	[0,0,0,0,0,0,0,0],
	[0,0,0,0,0,0,0,0],
	[0,0,0,0,0,0,0,0],
	[0,0,0,0,0,0,0,0]
];

alphabet["A"] = new Symbol("A", A);
alphabet["B"] = new Symbol("B", B);
alphabet["C"] = new Symbol("C", C);
alphabet["D"] = new Symbol("D", D);
alphabet["E"] = new Symbol("E", E);
alphabet["F"] = new Symbol("F", F);
alphabet["G"] = new Symbol("G", G);
alphabet["H"] = new Symbol("H", H);
alphabet["I"] = new Symbol("I", I);
alphabet["J"] = new Symbol("J", J);
alphabet["K"] = new Symbol("K", K);
alphabet["L"] = new Symbol("L", L);
alphabet["M"] = new Symbol("M", M);
alphabet["N"] = new Symbol("N", N);
alphabet["N"] = new Symbol("N", N);
alphabet["O"] = new Symbol("O", O);
alphabet["P"] = new Symbol("P", P);
alphabet["Q"] = new Symbol("Q", Q);
alphabet["R"] = new Symbol("R", R);
alphabet["S"] = new Symbol("S", S);
alphabet["T"] = new Symbol("T", T);
alphabet["U"] = new Symbol("U", U);
alphabet["V"] = new Symbol("V", V);
alphabet["W"] = new Symbol("W", W);
alphabet["X"] = new Symbol("X", X);
alphabet["Y"] = new Symbol("Y", Y);
alphabet["Z"] = new Symbol("Z", Z);